0.00003000 0.00000180 1.00000000 1.00000000 0.05000000 0.50000000 0.00503000 0.00322000 9.56000000 0.74000000 10.00000000 0.00079000 0.00000083 0.23000000
0.00003000 0.00000450 1.00000000 2.00000000 0.01000000 0.00000000 0.00383000 0.01190000 4.61000000 0.67000000 16.30000000 0.00095600 0.00000179 0.62000000
0.00003000 0.00000450 1.00000000 1.00000000 0.01000000 0.00000000 0.00428000 0.01180000 3.56000000 0.81000000 16.60000000 0.00018800 0.00000209 0.58000000
0.00003000 0.00000900 1.00000000 1.00000000 0.01000000 0.00000000 0.00598000 0.01170000 4.03000000 0.78000000 20.10000000 0.00094600 0.00000420 0.52000000
0.00003000 0.00000090 1.00000000 2.00000000 0.05000000 1.00000000 0.00499000 0.00391000 16.00000000 0.66000000 7.00000000 0.00069400 0.00000062 0.27000000
0.00003000 0.00000180 1.00000000 2.00000000 0.05000000 1.00000000 0.00681000 0.00424000 24.00000000 0.48000000 8.10000000 0.00040100 0.00000136 0.25000000
0.00003000 0.00000090 1.00000000 2.00000000 0.05000000 0.50000000 0.00356000 0.00280000 13.70000000 0.63000000 7.80000000 0.00073100 0.00000033 0.25000000
0.00010000 0.00006000 1.00000000 5.00000000 0.01000000 0.00000000 0.01210000 0.02240000 7.19000000 0.53000000 13.30000000 0.00042300 0.00002630 0.45000000
0.00010000 0.00003000 1.00000000 5.00000000 0.05000000 0.50000000 0.01320000 0.01950000 9.23000000 0.53000000 8.10000000 0.00060900 0.00001660 0.38000000
0.00010000 0.00001500 1.00000000 10.00000000 0.05000000 0.00000000 0.00519000 0.01880000 7.17000000 0.49000000 9.20000000 0.00081700 0.00000398 0.54000000
0.00010000 0.00001500 1.00000000 10.00000000 0.05000000 1.00000000 0.01200000 0.01760000 13.30000000 0.47000000 7.40000000 0.00039800 0.00001210 0.32000000
0.00010000 0.00001500 1.00000000 10.00000000 0.05000000 0.50000000 0.00844000 0.01990000 9.36000000 0.49000000 7.60000000 0.00060300 0.00000759 0.43000000
0.00010000 0.00003000 1.00000000 2.00000000 0.05000000 0.00000000 0.00864000 0.01640000 4.66000000 0.62000000 12.60000000 0.00015100 0.00001020 0.43000000
0.00010000 0.00003000 1.00000000 2.00000000 0.05000000 0.50000000 0.01600000 0.01290000 7.93000000 0.68000000 7.10000000 0.00095600 0.00001680 0.25000000
0.00010000 0.00006000 1.00000000 2.00000000 0.05000000 0.50000000 0.02060000 0.01710000 7.23000000 0.64000000 8.10000000 0.00066500 0.00003560 0.30000000
0.00010000 0.00006000 1.00000000 2.00000000 0.05000000 0.00000000 0.01540000 0.00853000 10.40000000 0.53000000 14.10000000 0.00046300 0.00002430 0.11000000
0.00010000 0.00003000 1.00000000 5.00000000 0.01000000 0.00000000 0.00836000 0.01950000 6.64000000 0.50000000 11.50000000 0.00069300 0.00001120 0.49000000
0.00010000 0.00003000 1.00000000 5.00000000 0.05000000 0.00000000 0.00800000 0.01990000 6.55000000 0.52000000 11.70000000 0.00076600 0.00001020 0.50000000
0.00010000 0.00003000 1.00000000 10.00000000 0.01000000 0.00000000 0.00783000 0.02270000 7.68000000 0.48000000 11.50000000 0.00045700 0.00001130 0.50000000
0.00010000 0.00003000 1.00000000 10.00000000 0.05000000 0.00000000 0.00758000 0.02230000 7.39000000 0.48000000 11.90000000 0.00048000 0.00001040 0.50000000
0.00010000 0.00003000 1.00000000 10.00000000 0.05000000 0.50000000 0.01200000 0.02230000 10.20000000 0.50000000 8.80000000 0.00039900 0.00001680 0.37000000
0.00010000 0.00040000 1.00000000 5.00000000 0.01000000 0.00000000 0.01700000 0.02340000 11.00000000 0.50000000 12.40000000 0.00030400 0.00004650 0.38000000
0.00010000 0.00025000 1.00000000 2.00000000 0.05000000 0.50000000 0.02800000 0.01740000 8.31000000 0.54000000 7.60000000 0.00047200 0.00006170 0.26000000
0.00030000 0.00001800 1.00000000 3.00000000 0.35000000 10.00000000 0.02280000 0.00352000 14.30000000 0.73000000 6.90000000 0.00103000 0.00002960 0.02000000
0.00030000 0.00002480 1.00000000 3.00000000 0.35000000 10.00000000 0.02640000 0.00161000 38.10000000 0.49000000 7.20000000 0.00077500 0.00004200 0.04000000
