0.00003000 0.00000180 1.00000000 1.00000000 0.05000000 0.50000000 0.00503000 0.00322000 9.56000000 0.74000000 10.00000000 0.00079000 0.00000083 0.23000000
0.00003000 0.00000450 1.00000000 2.00000000 0.01000000 0.00000000 0.00383000 0.01190000 4.61000000 0.67000000 16.30000000 0.00095600 0.00000179 0.62000000
0.00003000 0.00000450 1.00000000 1.00000000 0.01000000 0.00000000 0.00428000 0.01180000 3.56000000 0.81000000 16.60000000 0.00018800 0.00000209 0.58000000
0.00003000 0.00000900 1.00000000 1.00000000 0.01000000 0.00000000 0.00598000 0.01170000 4.03000000 0.78000000 20.10000000 0.00094600 0.00000420 0.52000000
0.00003000 0.00000090 1.00000000 2.00000000 0.05000000 1.00000000 0.00499000 0.00391000 16.00000000 0.66000000 7.00000000 0.00069400 0.00000062 0.27000000
0.00003000 0.00000180 1.00000000 2.00000000 0.05000000 1.00000000 0.00681000 0.00424000 24.00000000 0.48000000 8.10000000 0.00040100 0.00000136 0.25000000
0.00003000 0.00000090 1.00000000 2.00000000 0.05000000 0.50000000 0.00356000 0.00280000 13.70000000 0.63000000 7.80000000 0.00073100 0.00000033 0.25000000
0.00010000 0.00006000 1.00000000 5.00000000 0.01000000 0.00000000 0.01210000 0.02240000 7.19000000 0.53000000 13.30000000 0.00042300 0.00002630 0.45000000
0.00010000 0.00003000 1.00000000 5.00000000 0.05000000 1.00000000 0.02220000 0.01270000 36.00000000 0.32000000 6.00000000 0.00033400 0.00002590 0.18000000
0.00010000 0.00003000 1.00000000 5.00000000 0.05000000 0.50000000 0.01320000 0.01950000 9.23000000 0.53000000 8.10000000 0.00060900 0.00001660 0.38000000
0.00010000 0.00001500 1.00000000 10.00000000 0.05000000 0.00000000 0.00519000 0.01880000 7.17000000 0.49000000 9.20000000 0.00081700 0.00000398 0.54000000
0.00010000 0.00001500 1.00000000 10.00000000 0.05000000 1.00000000 0.01200000 0.01760000 13.30000000 0.47000000 7.40000000 0.00039800 0.00001210 0.32000000
0.00010000 0.00001500 1.00000000 10.00000000 0.05000000 0.50000000 0.00844000 0.01990000 9.36000000 0.49000000 7.60000000 0.00060300 0.00000759 0.43000000
0.00010000 0.00003000 1.00000000 2.00000000 0.05000000 0.00000000 0.00864000 0.01640000 4.66000000 0.62000000 12.60000000 0.00015100 0.00001020 0.43000000
0.00010000 0.00003000 1.00000000 2.00000000 0.05000000 1.00000000 0.02380000 0.00563000 40.40000000 0.32000000 6.10000000 0.00040800 0.00002540 0.07000000
0.00010000 0.00003000 1.00000000 2.00000000 0.05000000 0.50000000 0.01600000 0.01290000 7.93000000 0.68000000 7.10000000 0.00095600 0.00001680 0.25000000
0.00010000 0.00006000 1.00000000 2.00000000 0.05000000 0.50000000 0.02060000 0.01710000 7.23000000 0.64000000 8.10000000 0.00066500 0.00003560 0.30000000
0.00010000 0.00006000 1.00000000 2.00000000 0.05000000 0.00000000 0.01540000 0.00853000 10.40000000 0.53000000 14.10000000 0.00046300 0.00002430 0.11000000
0.00010000 0.00006000 1.00000000 2.00000000 0.05000000 1.00000000 0.03220000 0.00593000 44.10000000 0.28000000 6.20000000 0.00028100 0.00005090 0.06000000
0.00010000 0.00003000 1.00000000 5.00000000 0.01000000 0.00000000 0.00836000 0.01950000 6.64000000 0.50000000 11.50000000 0.00069300 0.00001120 0.49000000
0.00010000 0.00003000 1.00000000 5.00000000 0.05000000 0.00000000 0.00800000 0.01990000 6.55000000 0.52000000 11.70000000 0.00076600 0.00001020 0.50000000
0.00010000 0.00001500 1.00000000 10.00000000 0.01000000 0.00000000 0.00533000 0.01890000 7.20000000 0.44000000 9.10000000 0.00076000 0.00000440 0.53000000
0.00010000 0.00003000 1.00000000 10.00000000 0.01000000 0.00000000 0.00783000 0.02270000 7.68000000 0.48000000 11.50000000 0.00045700 0.00001130 0.50000000
0.00010000 0.00003000 1.00000000 10.00000000 0.05000000 0.00000000 0.00758000 0.02230000 7.39000000 0.48000000 11.90000000 0.00048000 0.00001040 0.50000000
0.00010000 0.00003000 1.00000000 10.00000000 0.05000000 1.00000000 0.01830000 0.01900000 19.00000000 0.38000000 7.00000000 0.00027100 0.00002590 0.25000000
0.00010000 0.00003000 1.00000000 10.00000000 0.05000000 0.50000000 0.01200000 0.02230000 10.20000000 0.50000000 8.80000000 0.00039900 0.00001680 0.37000000
0.00010000 0.00040000 1.00000000 5.00000000 0.01000000 0.00000000 0.01700000 0.02340000 11.00000000 0.50000000 12.40000000 0.00030400 0.00004650 0.38000000
0.00010000 0.00015000 1.00000000 5.00000000 0.01000000 0.00000000 0.02260000 0.02260000 19.20000000 0.30000000 11.50000000 0.00021400 0.00007260 0.32000000
0.00010000 0.00015000 1.00000000 5.00000000 0.05000000 0.00000000 0.02210000 0.02050000 18.80000000 0.33000000 13.10000000 0.00019800 0.00006810 0.30000000
0.00010000 0.00025000 1.00000000 2.00000000 0.05000000 0.50000000 0.02800000 0.01740000 8.31000000 0.54000000 7.60000000 0.00047200 0.00006170 0.26000000
0.00030000 0.00020000 1.00000000 2.00000000 0.05000000 0.50000000 0.04140000 0.01720000 18.30000000 0.38000000 7.20000000 0.00027300 0.00012700 0.18000000
0.00030000 0.00001800 1.00000000 3.00000000 0.35000000 10.00000000 0.02280000 0.00352000 14.30000000 0.73000000 6.90000000 0.00103000 0.00002960 0.02000000
0.00030000 0.00002480 1.00000000 3.00000000 0.35000000 10.00000000 0.02640000 0.00161000 38.10000000 0.49000000 7.20000000 0.00077500 0.00004200 0.04000000
0.00030000 0.00003150 1.00000000 3.00000000 0.35000000 10.00000000 0.02920000 0.00230000 70.00000000 0.35000000 7.60000000 0.00066100 0.00005450 0.07000000
0.00030000 0.00004500 1.00000000 3.00000000 0.35000000 10.00000000 0.03340000 0.00678000 60.00000000 0.40000000 8.00000000 0.00058100 0.00008000 0.04000000
0.00030000 0.00007200 1.00000000 3.00000000 0.35000000 10.00000000 0.04010000 0.01170000 106.30000000 0.27000000 8.30000000 0.00050300 0.00013100 0.10000000
0.00030000 0.00094100 1.00000000 3.00000000 0.35000000 1.00000000 0.04820000 0.02830000 20.20000000 0.40000000 10.10000000 0.00055200 0.00029500 0.24000000
0.00030000 0.00105000 1.00000000 3.00000000 0.35000000 1.00000000 0.05140000 0.02780000 28.20000000 0.32000000 10.00000000 0.00050900 0.00032900 0.23000000
