1.00E-06	0.0011	1		1		0	201		81	4	162000	1.72E-04	42	2.18	7.78E-04	0.87	4.9		0.8
1.00E-06	0.0198	1		0.06	0	224		97	4	13000	3.98E-03	55	17.8	4.02E-03	0.98	3		0.41
1.00E-06	0.0162	1		0.075	0	224		97	4	15000	3.34E-03	56	14.9	3.51E-03	0.96	3.2		0.4
1.00E-06	0.0072	1		0.1		0	201		81	4	42000	1.53E-03	56	5.33	1.50E-03	0.99	3		0.25
1.00E-06	0.009	1		0.1		0	201		81	4	28000	1.90E-03	59	7.57	2.16E-03	0.95	3.2		0.34
1.00E-06	0.0162	1		0.1		0	224		97	4	29000	3.27E-03	58	14.9	3.61E-03	0.92	3.4		0.44
1.00E-06	0.0045	1		0.5		0	168		81	4	85000	7.71E-04	46	3.5		1.96E-03	0.82	5.3		0.62
1.00E-06	0.009	1		0.5		0	201		81	4	34000	1.48E-03	49	7.33	3.61E-03	0.87	5.1		0.67
1.00E-06	0.0162	1		0.5		0	224		97	4	22000	2.36E-03	45	12.7	5.72E-03	0.92	4.9		0.74
1.00E-06	0.0021	3		1		0	168		81	4	119000	4.18E-04	56	5.09	1.12E-03	0.68	6.5		0.47
1.00E-06	0.0036	1		1		0	168		81	4	92000	5.52E-04	35	2.95	2.11E-03	0.89	5.5		0.76
1.00E-06	0.0015	3		1.5		0	168		81	4	188000	2.68E-04	47	3.57	1.08E-03	0.81	5.3		0.6
1.00E-05	0.05	1		0.1		0	168		81	2	6100	8.49E-03	36	14.4	7.83E-03	0.96	2.8		0.39
1.00E-05	0.035	1		0.15	0	168		81	2	12000	5.93E-03	39	11.3	7.73E-03	0.96	3		0.45
1.00E-05	0.011	1		0.2		0	134		65	2	26000	1.97E-03	37	2.92	1.91E-03	0.98	3.1		0.21
1.00E-05	0.015	1		0.2		0	134		65	2	20000	2.54E-03	40	4.06	3.41E-03	0.95	3.3		0.33
1.00E-05	0.035	1		0.25	0	168		81	2	12000	5.37E-03	38	10.8	8.86E-03	0.95	3.1		0.56
1.00E-05	0.05	1		0.25	0	168		81	2	12000	6.93E-03	38	13.5	1.03E-02	0.96	3.2		0.58
1.00E-05	0.015	1		0.5		0	133		65	2	35000	2.35E-03	36	4.61	5.03E-03	0.89	4.3		0.57
1.00E-05	0.035	1		0.5		0	168		81	2	18000	4.56E-03	36	9.58	9.35E-03	0.94	3.7		0.66
1.00E-05	0.008	1		1		0	133		65	2	91000	1.19E-03	25	2.47	3.31E-03	0.86	5.5		0.65
1.00E-05	0.0117	3		1.5		0	168		81	2	34000	1.48E-03	35	9.12	5.44E-03	0.94	4.1		0.67
1.00E-05	0.0075	1		2		1	128		65	4	120000	1.05E-03	23	2.65	4.14E-03	0.88	6.1		0.75
1.00E-05	0.01	1		2		1	128		65	4	120000	1.22E-03	23	3.55	6.20E-03	0.89	4.8		0.81
1.00E-05	0.015	1		2		1	170		65	4	40000	1.79E-03	26	5.41	8.95E-03	0.89	4.6		0.8
1.00E-05	0.02	1		2		1	170		81	4	45000	2.34E-03	28	6.65	1.03E-02	0.87	5.1		0.79
1.00E-05	0.04	1		2		1	212		81	4	10000	4.44E-03	32	10.7	1.21E-02	0.83	6		0.7
3.00E-05	0.063	1		0.2		0	106		49	1	5200	1.01E-02	27	7.48	9.38E-03	0.96	2.8		0.31
3.00E-05	0.045	1		0.25	0	106		49	1	13000	7.09E-03	28	5.63	9.07E-03	0.97	2.9		0.36
3.00E-05	0.072	1		0.25	0	133		65	1	13000	1.09E-02	26	8.3		1.13E-02	0.94	2.9		0.38
3.00E-05	0.072	1		0.5		0	106		49	1	7000	8.95E-03	26	7.32	1.38E-02	0.95	3.5		0.54
3.00E-05	0.0225	1		1		0	106		49	1	44000	2.91E-03	20	2.75	7.51E-03	0.9		4.4		0.61
3.00E-05	0.075	0.3		1		0	106		49	2	13000	8.36E-03	17	3.18	2.24E-02	0.85	4.7		0.76
3.00E-05	0.18	0.1		1		0	106		49	2	5000	2.13E-02	18	3.01	3.67E-02	0.73	6.6		0.69
3.00E-05	0.072	1		1		0	106		49	1	15000	8.09E-03	24	7.18	1.56E-02	0.9		4.2		0.62
3.00E-05	0.108	1		1		0	133		65	1	17000	1.17E-02	25	9.67	1.69E-02	0.87	4.7		0.57
3.00E-05	0.027	1		2.5		0	85		41	1	47000	3.03E-03	17	3.64	1.34E-02	0.83	4.7		0.76
3.00E-05	0.072	1		2.5		0	106		49	1	20000	7.53E-03	24	7.32	1.81E-02	0.78	5.6		0.63
3.00E-05	0.108	1		2.5		0	133		65	1	8300	1.11E-02	26	9.85	1.91E-02	0.74	6.6		0.56
3.00E-05	0.0054	3		3		0	85		41	1	69000	8.61E-04	20	2.13	2.03E-03	0.81	5.8		0.37
1.00E-04	0.075	1		0.5		0	64		41	1	14000	1.00E-02	18	3.25	1.22E-02	0.97	2.9		0.32
1.00E-04	0.075	1		1		0	64		41	1	9700	8.43E-03	16	3.06	1.68E-02	0.95	3.4		0.52
1.00E-04	0.15	1		1		0	85		41	1	6800	1.71E-02	18	5.28	1.95E-02	0.87	4		0.42
1.00E-04	0.075	1		2		0	106		49	1	23000	8.27E-03	15	3.26	1.89E-02	0.86	4.3		0.59
1.00E-04	0.15	1		2		0	85		41	1	7700	1.65E-02	18	5.4		2.13E-02	0.75	5.3		0.45
1.00E-04	0.32	0.1		1.5		0	64		41	1	6700	3.61E-02	12	2.14	5.30E-02	0.66	7.1		0.58
1.00E-04	0.1033	3		3		0	106		49	1	5300	9.80E-03	19	8.26	1.56E-02	0.8		4.8		0.42
1.00E-04	0.15	1		3		0	106		49	1	4800	1.57E-02	18	5.46	2.41E-02	0.7		6.1		0.49
1.00E-04	0.075	1		3.33	0	85		41	1	8100	8.29E-03	15	3.47	2.11E-02	0.74	5.2		0.59
1.00E-04	0.015	10		3.33	0	85		41	1	30000	1.89E-03	20	5.22	5.13E-03	0.96	3.2		0.28
1.00E-04	0.15	1		5		0	106		49	1	3300	1.51E-02	17	5.43	2.64E-02	0.63	7.6		0.48
1.00E-04	0.0667	3		6		0	106		49	1	12000	6.56E-03	18	6.42	1.61E-02	0.74	5.5		0.5
1.00E-04	0.0833	3		6		0	106		49	1	8500	7.95E-03	18	7.41	1.67E-02	0.7		6.1		0.46
1.00E-04	0.15	1		10		0	133		65	1	3500	1.45E-02	18	5.44	2.91E-02	0.55	10.1	0.46
1.00E-04	0.0075	10		10		0	64		41	1	171000	8.53E-04	15	3.1		5.38E-03	0.93	3.7		0.54
1.00E-04	0.015	10		10		0	85		41	1	37000	1.57E-03	17	5.11	7.61E-03	0.88	4.1		0.49
1.00E-04	0.031	10		10		0	106		49	1	54000	2.82E-03	18	8.1		9.54E-03	0.82	4.9		0.46
3.00E-04	0.1125	1		1.5		0	42		33	1	10000	1.23E-02	11	2.18	2.09E-02	0.92	3.5		0.42
3.00E-04	0.1125	1		3		0	42		33	1	5500	1.15E-02	10	2.2		2.48E-02	0.8		4.5		0.5
3.00E-04	0.375	0.3		3		0	64		41	1	2400	4.11E-02	10	2.35	4.58E-02	0.53	8.6		0.43
3.00E-04	0.189	1		3		0	64		41	1	115000	1.99E-02	12	3.11	2.71E-02	0.67	5.3		0.39
3.00E-04	0.225	1		3		0	64		41	1	13000	2.45E-02	13	3.51	2.40E-02	0.63	6.1		0.3
3.00E-04	0.243	1		3		0	64		41	1	27000	2.77E-02	13	3.72	1.98E-02	0.59	7.3		0.22
3.00E-04	0.099	3		3		0	64		41	1	13000	9.70E-03	13	3.92	1.79E-02	0.86	3.8		0.35
3.00E-04	0.099	3		9		0	64		41	1	11000	9.65E-03	13	4.14	2.03E-02	0.62	6.2		0.38
3.00E-04	0.243	1		5		0	64		41	1	4500	2.38E-02	12	3.64	3.28E-02	0.57	7.6		0.38