0.00000100 0.00110000 1.00000000 1.00000000 0.00000000 201.00000000 81.00000000 4.00000000 162000.00000000 0.00017200 42.00000000 2.18000000 0.00077800 0.87000000 4.90000000 0.80000000 0.00000000
0.00000100 0.01980000 1.00000000 0.06000000 0.00000000 224.00000000 97.00000000 4.00000000 13000.00000000 0.00398000 55.00000000 17.80000000 0.00402000 0.98000000 3.00000000 0.41000000 0.00000000
0.00000100 0.01620000 1.00000000 0.07500000 0.00000000 224.00000000 97.00000000 4.00000000 15000.00000000 0.00334000 56.00000000 14.90000000 0.00351000 0.96000000 3.20000000 0.40000000 0.00000000
0.00000100 0.00720000 1.00000000 0.10000000 0.00000000 201.00000000 81.00000000 4.00000000 42000.00000000 0.00153000 56.00000000 5.33000000 0.00150000 0.99000000 3.00000000 0.25000000 0.00000000
0.00000100 0.00900000 1.00000000 0.10000000 0.00000000 201.00000000 81.00000000 4.00000000 28000.00000000 0.00190000 59.00000000 7.57000000 0.00216000 0.95000000 3.20000000 0.34000000 0.00000000
0.00000100 0.01620000 1.00000000 0.10000000 0.00000000 224.00000000 97.00000000 4.00000000 29000.00000000 0.00327000 58.00000000 14.90000000 0.00361000 0.92000000 3.40000000 0.44000000 0.00000000
0.00000100 0.00450000 1.00000000 0.50000000 0.00000000 168.00000000 81.00000000 4.00000000 85000.00000000 0.00077100 46.00000000 3.50000000 0.00196000 0.82000000 5.30000000 0.62000000 0.00000000
0.00000100 0.00900000 1.00000000 0.50000000 0.00000000 201.00000000 81.00000000 4.00000000 34000.00000000 0.00148000 49.00000000 7.33000000 0.00361000 0.87000000 5.10000000 0.67000000 0.00000000
0.00000100 0.01620000 1.00000000 0.50000000 0.00000000 224.00000000 97.00000000 4.00000000 22000.00000000 0.00236000 45.00000000 12.70000000 0.00572000 0.92000000 4.90000000 0.74000000 0.00000000
0.00000100 0.00210000 3.00000000 1.00000000 0.00000000 168.00000000 81.00000000 4.00000000 119000.00000000 0.00041800 56.00000000 5.09000000 0.00112000 0.68000000 6.50000000 0.47000000 0.00000000
0.00000100 0.00360000 1.00000000 1.00000000 0.00000000 168.00000000 81.00000000 4.00000000 92000.00000000 0.00055200 35.00000000 2.95000000 0.00211000 0.89000000 5.50000000 0.76000000 0.00000000
0.00000100 0.00150000 3.00000000 1.50000000 0.00000000 168.00000000 81.00000000 4.00000000 188000.00000000 0.00026800 47.00000000 3.57000000 0.00108000 0.81000000 5.30000000 0.60000000 0.00000000
0.00001000 0.05000000 1.00000000 0.10000000 0.00000000 168.00000000 81.00000000 2.00000000 6100.00000000 0.00849000 36.00000000 14.40000000 0.00783000 0.96000000 2.80000000 0.39000000 0.00000300
0.00001000 0.03500000 1.00000000 0.15000000 0.00000000 168.00000000 81.00000000 2.00000000 12000.00000000 0.00593000 39.00000000 11.30000000 0.00773000 0.96000000 3.00000000 0.45000000 0.00000200
0.00001000 0.01100000 1.00000000 0.20000000 0.00000000 134.00000000 65.00000000 2.00000000 26000.00000000 0.00197000 37.00000000 2.92000000 0.00191000 0.98000000 3.10000000 0.21000000 0.00000000
0.00001000 0.01500000 1.00000000 0.20000000 0.00000000 134.00000000 65.00000000 2.00000000 20000.00000000 0.00254000 40.00000000 4.06000000 0.00341000 0.95000000 3.30000000 0.33000000 0.00000000
0.00001000 0.03500000 1.00000000 0.25000000 0.00000000 168.00000000 81.00000000 2.00000000 12000.00000000 0.00537000 38.00000000 10.80000000 0.00886000 0.95000000 3.10000000 0.56000000 0.00000200
0.00001000 0.05000000 1.00000000 0.25000000 0.00000000 168.00000000 81.00000000 2.00000000 12000.00000000 0.00693000 38.00000000 13.50000000 0.01030000 0.96000000 3.20000000 0.58000000 0.00000300
0.00001000 0.01500000 1.00000000 0.50000000 0.00000000 133.00000000 65.00000000 2.00000000 35000.00000000 0.00235000 36.00000000 4.61000000 0.00503000 0.89000000 4.30000000 0.57000000 0.00000000
0.00001000 0.03500000 1.00000000 0.50000000 0.00000000 168.00000000 81.00000000 2.00000000 18000.00000000 0.00456000 36.00000000 9.58000000 0.00935000 0.94000000 3.70000000 0.66000000 0.00000100
0.00001000 0.00800000 1.00000000 1.00000000 0.00000000 133.00000000 65.00000000 2.00000000 91000.00000000 0.00119000 25.00000000 2.47000000 0.00331000 0.86000000 5.50000000 0.65000000 0.00000000
0.00001000 0.01170000 3.00000000 1.50000000 0.00000000 168.00000000 81.00000000 2.00000000 34000.00000000 0.00148000 35.00000000 9.12000000 0.00544000 0.94000000 4.10000000 0.67000000 0.00000000
0.00001000 0.00750000 1.00000000 2.00000000 1.00000000 128.00000000 65.00000000 4.00000000 120000.00000000 0.00105000 23.00000000 2.65000000 0.00414000 0.88000000 6.10000000 0.75000000 0.00000000
0.00001000 0.01000000 1.00000000 2.00000000 1.00000000 128.00000000 65.00000000 4.00000000 120000.00000000 0.00122000 23.00000000 3.55000000 0.00620000 0.89000000 4.80000000 0.81000000 0.00000000
0.00001000 0.01500000 1.00000000 2.00000000 1.00000000 170.00000000 65.00000000 4.00000000 40000.00000000 0.00179000 26.00000000 5.41000000 0.00895000 0.89000000 4.60000000 0.80000000 0.00000000
0.00001000 0.02000000 1.00000000 2.00000000 1.00000000 170.00000000 81.00000000 4.00000000 45000.00000000 0.00234000 28.00000000 6.65000000 0.01030000 0.87000000 5.10000000 0.79000000 0.00000100
0.00001000 0.04000000 1.00000000 2.00000000 1.00000000 212.00000000 81.00000000 4.00000000 10000.00000000 0.00444000 32.00000000 10.70000000 0.01210000 0.83000000 6.00000000 0.70000000 0.00000200
0.00003000 0.06300000 1.00000000 0.20000000 0.00000000 106.00000000 49.00000000 1.00000000 5200.00000000 0.01010000 27.00000000 7.48000000 0.00938000 0.96000000 2.80000000 0.31000000 0.00000600
0.00003000 0.04500000 1.00000000 0.25000000 0.00000000 106.00000000 49.00000000 1.00000000 13000.00000000 0.00709000 28.00000000 5.63000000 0.00907000 0.97000000 2.90000000 0.36000000 0.00000300
0.00003000 0.07200000 1.00000000 0.25000000 0.00000000 133.00000000 65.00000000 1.00000000 13000.00000000 0.01090000 26.00000000 8.30000000 0.01130000 0.94000000 2.90000000 0.38000000 0.00000800
0.00003000 0.07200000 1.00000000 0.50000000 0.00000000 106.00000000 49.00000000 1.00000000 7000.00000000 0.00895000 26.00000000 7.32000000 0.01380000 0.95000000 3.50000000 0.54000000 0.00000700
0.00003000 0.02250000 1.00000000 1.00000000 0.00000000 106.00000000 49.00000000 1.00000000 44000.00000000 0.00291000 20.00000000 2.75000000 0.00751000 0.90000000 4.40000000 0.61000000 0.00000100
0.00003000 0.07500000 0.30000000 1.00000000 0.00000000 106.00000000 49.00000000 2.00000000 13000.00000000 0.00836000 17.00000000 3.18000000 0.02240000 0.85000000 4.70000000 0.76000000 0.00000800
0.00003000 0.18000000 0.10000000 1.00000000 0.00000000 106.00000000 49.00000000 2.00000000 5000.00000000 0.02130000 18.00000000 3.01000000 0.03670000 0.73000000 6.60000000 0.69000000 0.00005200
0.00003000 0.07200000 1.00000000 1.00000000 0.00000000 106.00000000 49.00000000 1.00000000 15000.00000000 0.00809000 24.00000000 7.18000000 0.01560000 0.90000000 4.20000000 0.62000000 0.00000600
0.00003000 0.10800000 1.00000000 1.00000000 0.00000000 133.00000000 65.00000000 1.00000000 17000.00000000 0.01170000 25.00000000 9.67000000 0.01690000 0.87000000 4.70000000 0.57000000 0.00001400
0.00003000 0.02700000 1.00000000 2.50000000 0.00000000 85.00000000 41.00000000 1.00000000 47000.00000000 0.00303000 17.00000000 3.64000000 0.01340000 0.83000000 4.70000000 0.76000000 0.00000100
0.00003000 0.07200000 1.00000000 2.50000000 0.00000000 106.00000000 49.00000000 1.00000000 20000.00000000 0.00753000 24.00000000 7.32000000 0.01810000 0.78000000 5.60000000 0.63000000 0.00000700
0.00003000 0.10800000 1.00000000 2.50000000 0.00000000 133.00000000 65.00000000 1.00000000 8300.00000000 0.01110000 26.00000000 9.85000000 0.01910000 0.74000000 6.60000000 0.56000000 0.00001400
0.00003000 0.00540000 3.00000000 3.00000000 0.00000000 85.00000000 41.00000000 1.00000000 69000.00000000 0.00086100 20.00000000 2.13000000 0.00203000 0.81000000 5.80000000 0.37000000 0.00000000
0.00010000 0.07500000 1.00000000 0.50000000 0.00000000 64.00000000 41.00000000 1.00000000 14000.00000000 0.01000000 18.00000000 3.25000000 0.01220000 0.97000000 2.90000000 0.32000000 0.00000800
0.00010000 0.07500000 1.00000000 1.00000000 0.00000000 64.00000000 41.00000000 1.00000000 9700.00000000 0.00843000 16.00000000 3.06000000 0.01680000 0.95000000 3.40000000 0.52000000 0.00000700
0.00010000 0.15000000 1.00000000 1.00000000 0.00000000 85.00000000 41.00000000 1.00000000 6800.00000000 0.01710000 18.00000000 5.28000000 0.01950000 0.87000000 4.00000000 0.42000000 0.00003100
0.00010000 0.07500000 1.00000000 2.00000000 0.00000000 106.00000000 49.00000000 1.00000000 23000.00000000 0.00827000 15.00000000 3.26000000 0.01890000 0.86000000 4.30000000 0.59000000 0.00000800
0.00010000 0.15000000 1.00000000 2.00000000 0.00000000 85.00000000 41.00000000 1.00000000 7700.00000000 0.01650000 18.00000000 5.40000000 0.02130000 0.75000000 5.30000000 0.45000000 0.00003200
0.00010000 0.32000000 0.10000000 1.50000000 0.00000000 64.00000000 41.00000000 1.00000000 6700.00000000 0.03610000 12.00000000 2.14000000 0.05300000 0.66000000 7.10000000 0.58000000 0.00017600
0.00010000 0.10330000 3.00000000 3.00000000 0.00000000 106.00000000 49.00000000 1.00000000 5300.00000000 0.00980000 19.00000000 8.26000000 0.01560000 0.80000000 4.80000000 0.42000000 0.00001200
0.00010000 0.15000000 1.00000000 3.00000000 0.00000000 106.00000000 49.00000000 1.00000000 4800.00000000 0.01570000 18.00000000 5.46000000 0.02410000 0.70000000 6.10000000 0.49000000 0.00003200
0.00010000 0.07500000 1.00000000 3.33000000 0.00000000 85.00000000 41.00000000 1.00000000 8100.00000000 0.00829000 15.00000000 3.47000000 0.02110000 0.74000000 5.20000000 0.59000000 0.00000900
0.00010000 0.01500000 10.00000000 3.33000000 0.00000000 85.00000000 41.00000000 1.00000000 30000.00000000 0.00189000 20.00000000 5.22000000 0.00513000 0.96000000 3.20000000 0.28000000 0.00000000
0.00010000 0.15000000 1.00000000 5.00000000 0.00000000 106.00000000 49.00000000 1.00000000 3300.00000000 0.01510000 17.00000000 5.43000000 0.02640000 0.63000000 7.60000000 0.48000000 0.00003200
0.00010000 0.06670000 3.00000000 6.00000000 0.00000000 106.00000000 49.00000000 1.00000000 12000.00000000 0.00656000 18.00000000 6.42000000 0.01610000 0.74000000 5.50000000 0.50000000 0.00000600
0.00010000 0.08330000 3.00000000 6.00000000 0.00000000 106.00000000 49.00000000 1.00000000 8500.00000000 0.00795000 18.00000000 7.41000000 0.01670000 0.70000000 6.10000000 0.46000000 0.00000900
0.00010000 0.15000000 1.00000000 10.00000000 0.00000000 133.00000000 65.00000000 1.00000000 3500.00000000 0.01450000 18.00000000 5.44000000 0.02910000 0.55000000 10.10000000 0.46000000 0.00003200
0.00010000 0.00750000 10.00000000 10.00000000 0.00000000 64.00000000 41.00000000 1.00000000 171000.00000000 0.00085300 15.00000000 3.10000000 0.00538000 0.93000000 3.70000000 0.54000000 0.00000000
0.00010000 0.01500000 10.00000000 10.00000000 0.00000000 85.00000000 41.00000000 1.00000000 37000.00000000 0.00157000 17.00000000 5.11000000 0.00761000 0.88000000 4.10000000 0.49000000 0.00000000
0.00010000 0.03100000 10.00000000 10.00000000 0.00000000 106.00000000 49.00000000 1.00000000 54000.00000000 0.00282000 18.00000000 8.10000000 0.00954000 0.82000000 4.90000000 0.46000000 0.00000100
0.00030000 0.11250000 1.00000000 1.50000000 0.00000000 42.00000000 33.00000000 1.00000000 10000.00000000 0.01230000 11.00000000 2.18000000 0.02090000 0.92000000 3.50000000 0.42000000 0.00001900
0.00030000 0.11250000 1.00000000 3.00000000 0.00000000 42.00000000 33.00000000 1.00000000 5500.00000000 0.01150000 10.00000000 2.20000000 0.02480000 0.80000000 4.50000000 0.50000000 0.00002000
0.00030000 0.37500000 0.30000000 3.00000000 0.00000000 64.00000000 41.00000000 1.00000000 2400.00000000 0.04110000 10.00000000 2.35000000 0.04580000 0.53000000 8.60000000 0.43000000 0.00024400
0.00030000 0.18900000 1.00000000 3.00000000 0.00000000 64.00000000 41.00000000 1.00000000 115000.00000000 0.01990000 12.00000000 3.11000000 0.02710000 0.67000000 5.30000000 0.39000000 0.00005800
0.00030000 0.22500000 1.00000000 3.00000000 0.00000000 64.00000000 41.00000000 1.00000000 13000.00000000 0.02450000 13.00000000 3.51000000 0.02400000 0.63000000 6.10000000 0.30000000 0.00008200
0.00030000 0.24300000 1.00000000 3.00000000 0.00000000 64.00000000 41.00000000 1.00000000 27000.00000000 0.02770000 13.00000000 3.72000000 0.01980000 0.59000000 7.30000000 0.22000000 0.00009600
0.00030000 0.09900000 3.00000000 3.00000000 0.00000000 64.00000000 41.00000000 1.00000000 13000.00000000 0.00970000 13.00000000 3.92000000 0.01790000 0.86000000 3.80000000 0.35000000 0.00001400
0.00030000 0.09900000 3.00000000 9.00000000 0.00000000 64.00000000 41.00000000 1.00000000 11000.00000000 0.00965000 13.00000000 4.14000000 0.02030000 0.62000000 6.20000000 0.38000000 0.00001500
0.00030000 0.24300000 1.00000000 5.00000000 0.00000000 64.00000000 41.00000000 1.00000000 4500.00000000 0.02380000 12.00000000 3.64000000 0.03280000 0.57000000 7.60000000 0.38000000 0.00009300
