0.00012000 10.00000000 1.00000000 34.00000000 0.37051900 0.05920500 365641000.00000000 10.00000000 0.91506600 3422.25000000 3392.80000000 0.00036600 0.00040000 0.00046200 5540.60000000 5410.04000000
0.00012000 10.00000000 1.00000000 50.00000000 16.50668700 0.65961300 1503500000.00000000 10.00000000 0.72651200 471405.00000000 520377.00000000 0.00453300 0.00623900 0.00667300 1025590.00000000 1127790.00000000
0.00012000 2.00000000 1.00000000 125.00000000 5.20252200 0.44761900 253337000.00000000 2.00000000 0.77353400 21569.00000000 21454.10000000 0.00460200 0.00594900 0.00674200 47925.40000000 46051.40000000
0.00012000 2.00000000 1.00000000 2500.00000000 8.39304500 0.23019700 6492470000.00000000 2.00000000 0.31919300 1360.18000000 1148.13000000 0.00106500 0.00333500 0.00590100 53331.40000000 35278.20000000
0.00012000 2.00000000 1.00000000 250.00000000 5.21170200 0.35737800 591362000.00000000 2.00000000 0.70908700 18040.70000000 18132.00000000 0.00423000 0.00596600 0.00739700 59155.10000000 55436.20000000
0.00012000 2.00000000 1.00000000 500.00000000 3.62029900 0.25091100 998932000.00000000 2.00000000 0.67509000 10238.50000000 7528.38000000 0.00272600 0.00403800 0.00541400 33510.70000000 29700.40000000
0.00012000 2.00000000 1.00000000 1246.00000000 2.81733900 0.23143800 932418000.00000000 2.00000000 0.72437900 5674.86000000 5675.32000000 0.00236700 0.00326700 0.00410000 18155.10000000 17032.10000000
0.00012000 2.00000000 1.00000000 124.00000000 1.86921700 0.40605800 57420300.00000000 2.00000000 0.92807000 4199.57000000 4462.37000000 0.00209900 0.00226100 0.00234400 5271.36000000 5565.94000000
0.00012000 2.00000000 1.00000000 248.00000000 3.16932700 0.42952400 140063000.00000000 2.00000000 0.88028900 13327.20000000 13328.20000000 0.00362700 0.00412000 0.00440600 19808.30000000 19670.20000000
0.00012000 2.00000000 1.00000000 623.00000000 3.10489400 0.28785500 492977000.00000000 2.00000000 0.79310300 8556.42000000 10752.90000000 0.00325800 0.00410800 0.00477000 20065.50000000 23051.70000000
0.00012000 2.00000000 1.00000000 12.50000000 2.53699200 0.43087200 61407400.00000000 2.00000000 0.85609900 12302.70000000 13786.10000000 0.00368900 0.00430900 0.00455900 16832.00000000 21060.10000000
0.00012000 2.00000000 1.00000000 250.00000000 2.35078800 0.12766800 2519720000.00000000 2.00000000 0.19152400 140.11700000 134.78800000 0.00036500 0.00190400 0.00330200 16981.70000000 11044.60000000
0.00012000 2.00000000 1.00000000 25.00000000 5.63703400 0.49207400 172103000.00000000 2.00000000 0.71773500 27774.20000000 27144.90000000 0.00517600 0.00721200 0.00817900 66938.70000000 67772.00000000
0.00012000 2.00000000 1.00000000 50.00000000 6.13314700 0.41356200 415474000.00000000 2.00000000 0.66145500 23905.90000000 24038.00000000 0.00487100 0.00736400 0.00909800 89541.90000000 83860.30000000
0.00100000 10.00000000 1.00000000 105.00000000 0.13657100 0.00402600 648268000.00000000 10.00000000 0.39107100 111.17700000 110.62400000 0.00055100 0.00140800 0.00176800 1174.50000000 1140.62000000
0.00100000 10.00000000 1.00000000 120.00000000 0.31131600 0.00928700 790252000.00000000 10.00000000 0.27131200 57.86530000 57.12710000 0.00039600 0.00145900 0.00193000 1427.50000000 1358.34000000
0.00100000 10.00000000 1.00000000 150.00000000 2.30990200 0.05509700 1077320000.00000000 10.00000000 0.20198500 189.28800000 188.82700000 0.00072000 0.00356200 0.00480700 8912.51000000 8427.15000000
0.00100000 10.00000000 1.00000000 200.00000000 5.35192700 0.10264700 1570600000.00000000 10.00000000 0.22295600 644.19000000 641.30300000 0.00132600 0.00594700 0.00810400 25694.60000000 23957.80000000
0.00100000 10.00000000 1.00000000 60.00000000 15.71342600 0.40364200 268221000.00000000 10.00000000 0.63830900 54511.60000000 54430.90000000 0.01221600 0.01913800 0.02076000 157785.00000000 157198.00000000
0.00100000 10.00000000 1.00000000 70.00000000 16.43778700 0.37774700 340957000.00000000 10.00000000 0.61783600 47451.70000000 47463.30000000 0.01140700 0.01846300 0.02025600 150247.00000000 149660.00000000
0.00100000 10.00000000 1.00000000 90.00000000 17.55800400 0.34062900 498355000.00000000 10.00000000 0.59355500 36787.40000000 36794.70000000 0.01004400 0.01692100 0.01908400 133907.00000000 132846.00000000
0.00050000 10.00000000 0.10000000 150.00000000 1.52793300 0.25748400 233875000.00000000 100.00000000 0.48766100 4063.27000000 4911.46000000 0.00183500 0.00376200 0.00457700 27229.10000000 30559.30000000
0.00050000 10.00000000 1.00000000 250.00000000 15.18301300 0.24182000 4244830000.00000000 10.00000000 0.42735600 16291.40000000 19170.60000000 0.00362500 0.00848200 0.01121600 185957.00000000 183524.00000000
0.00050000 10.00000000 1.00000000 350.00000000 19.25553100 0.24483900 6439480000.00000000 10.00000000 0.33522300 9100.31000000 9100.31000000 0.00249700 0.00745000 0.01050000 181281.00000000 160867.00000000
0.00050000 10.00000000 1.00000000 450.00000000 25.92189100 0.25784400 8665550000.00000000 10.00000000 0.27317600 7559.41000000 6091.39000000 0.00204300 0.00748000 0.01069900 210211.00000000 167001.00000000
0.00050000 10.00000000 1.00000000 200.00000000 17.82558900 0.27906900 3094820000.00000000 10.00000000 0.45748400 28150.70000000 26894.00000000 0.00429300 0.00938500 0.01205400 230103.00000000 211982.00000000
0.00050000 10.00000000 1.00000000 400.00000000 21.56574700 0.25720300 7458930000.00000000 10.00000000 0.33290600 10851.70000000 10365.50000000 0.00266500 0.00800700 0.01158900 231257.00000000 195966.00000000
0.00050000 5.00000000 1.00000000 250.00000000 0.74318400 0.03635100 529561000.00000000 5.00000000 0.31903300 161.88900000 161.92900000 0.00066600 0.00208800 0.00273300 2864.88000000 2723.98000000
0.00050000 5.00000000 1.00000000 350.00000000 2.53574900 0.09180800 803632000.00000000 5.00000000 0.37960800 980.70000000 1187.18000000 0.00180400 0.00475300 0.00625700 13096.60000000 14281.00000000
0.00050000 5.00000000 1.00000000 400.00000000 3.27284100 0.10869000 942609000.00000000 5.00000000 0.36808700 1172.10000000 1172.77000000 0.00179300 0.00487100 0.00656700 16934.50000000 15729.10000000
0.00050000 5.00000000 1.00000000 450.00000000 3.37806300 0.10785600 1082550000.00000000 5.00000000 0.31428900 713.18500000 713.48100000 0.00139900 0.00445000 0.00615800 15128.50000000 13833.80000000
0.00050000 5.00000000 1.00000000 250.00000000 1.16260400 0.05510700 516653000.00000000 5.00000000 0.25943200 203.68500000 203.67300000 0.00074700 0.00288000 0.00378100 5485.07000000 5213.14000000
0.00050000 5.00000000 1.00000000 300.00000000 1.88655700 0.07949400 650263000.00000000 5.00000000 0.30028200 495.37300000 481.37200000 0.00114900 0.00382600 0.00510000 10194.10000000 9485.47000000
0.00050000 5.00000000 1.00000000 400.00000000 3.96916100 0.12996000 924592000.00000000 5.00000000 0.37409400 1646.64000000 1647.15000000 0.00212500 0.00568100 0.00770400 23358.60000000 21645.80000000
