0.000120	10.000000	1.000000	50.000000	16.506687	0.659613	1503500000.000000	10.000000	0.726512	471405.000000	520377.000000	0.004533	0.006239	0.006673	1025590.000000	1127790.000000
0.000120	2.000000	1.000000	125.000000	5.202522	0.447619	253337000.000000	2.000000	0.773534	21569.000000	21454.100000	0.004602	0.005949	0.006742	47925.400000	46051.400000
0.000120	2.000000	1.000000	250.000000	5.211702	0.357378	591362000.000000	2.000000	0.709087	18040.700000	18132.000000	0.004230	0.005966	0.007397	59155.100000	55436.200000
0.000120	2.000000	1.000000	500.000000	3.620299	0.250911	998932000.000000	2.000000	0.675090	10238.500000	7528.380000		0.002726	0.004038	0.005414	33510.700000	29700.400000
0.000120	2.000000	1.000000	1246.000000	2.817339	0.231438	932418000.000000	2.000000	0.724379	5674.860000		5675.320000		0.002367	0.003267	0.004100	18155.100000	17032.100000
0.000120	2.000000	1.000000	124.000000	1.869217	0.406058	57420300.000000		2.000000	0.928070	4199.570000		4462.370000		0.002099	0.002261	0.002344	5271.360000		5565.940000
0.000120	2.000000	1.000000	248.000000	3.169327	0.429524	140063000.000000	2.000000	0.880289	13327.200000	13328.200000	0.003627	0.004120	0.004406	19808.300000	19670.200000
0.000120	2.000000	1.000000	12.500000	2.536992	0.430872	61407400.000000		2.000000	0.856099	12302.700000	13786.100000	0.003689	0.004309	0.004559	16832.000000	21060.100000
0.000120	2.000000	1.000000	50.000000	6.133147	0.413562	415474000.000000	2.000000	0.661455	23905.900000	24038.000000	0.004871	0.007364	0.009098	89541.900000	83860.300000
0.001000	10.000000	1.000000	60.000000	15.713426	0.403642	268221000.000000	10.000000	0.638309	54511.600000	54430.900000	0.012216	0.019138	0.020760	157785.000000	157198.000000
0.001000	10.000000	1.000000	70.000000	16.437787	0.377747	340957000.000000	10.000000	0.617836	47451.700000	47463.300000	0.011407	0.018463	0.020256	150247.000000	149660.000000