0.00012000 10.00000000 1.00000000 34.00000000 0.37051900 0.05920500 365641000.00000000 10.00000000 0.91506600 3422.25000000 3392.80000000 0.00036600 0.00040000 0.00046200 5540.60000000 5410.04000000
0.00012000 10.00000000 1.00000000 50.00000000 16.50668700 0.65961300 1503500000.00000000 10.00000000 0.72651200 471405.00000000 520377.00000000 0.00453300 0.00623900 0.00667300 1025590.00000000 1127790.00000000
0.00012000 2.00000000 1.00000000 125.00000000 5.20252200 0.44761900 253337000.00000000 2.00000000 0.77353400 21569.00000000 21454.10000000 0.00460200 0.00594900 0.00674200 47925.40000000 46051.40000000
0.00012000 2.00000000 1.00000000 250.00000000 5.21170200 0.35737800 591362000.00000000 2.00000000 0.70908700 18040.70000000 18132.00000000 0.00423000 0.00596600 0.00739700 59155.10000000 55436.20000000
0.00012000 2.00000000 1.00000000 500.00000000 3.62029900 0.25091100 998932000.00000000 2.00000000 0.67509000 10238.50000000 7528.38000000 0.00272600 0.00403800 0.00541400 33510.70000000 29700.40000000
0.00012000 2.00000000 1.00000000 1246.00000000 2.81733900 0.23143800 932418000.00000000 2.00000000 0.72437900 5674.86000000 5675.32000000 0.00236700 0.00326700 0.00410000 18155.10000000 17032.10000000
0.00012000 2.00000000 1.00000000 124.00000000 1.86921700 0.40605800 57420300.00000000 2.00000000 0.92807000 4199.57000000 4462.37000000 0.00209900 0.00226100 0.00234400 5271.36000000 5565.94000000
0.00012000 2.00000000 1.00000000 248.00000000 3.16932700 0.42952400 140063000.00000000 2.00000000 0.88028900 13327.20000000 13328.20000000 0.00362700 0.00412000 0.00440600 19808.30000000 19670.20000000
0.00012000 2.00000000 1.00000000 623.00000000 3.10489400 0.28785500 492977000.00000000 2.00000000 0.79310300 8556.42000000 10752.90000000 0.00325800 0.00410800 0.00477000 20065.50000000 23051.70000000
0.00012000 2.00000000 1.00000000 12.50000000 2.53699200 0.43087200 61407400.00000000 2.00000000 0.85609900 12302.70000000 13786.10000000 0.00368900 0.00430900 0.00455900 16832.00000000 21060.10000000
0.00012000 2.00000000 1.00000000 25.00000000 5.63703400 0.49207400 172103000.00000000 2.00000000 0.71773500 27774.20000000 27144.90000000 0.00517600 0.00721200 0.00817900 66938.70000000 67772.00000000
0.00012000 2.00000000 1.00000000 50.00000000 6.13314700 0.41356200 415474000.00000000 2.00000000 0.66145500 23905.90000000 24038.00000000 0.00487100 0.00736400 0.00909800 89541.90000000 83860.30000000
0.00100000 10.00000000 1.00000000 105.00000000 0.13657100 0.00402600 648268000.00000000 10.00000000 0.39107100 111.17700000 110.62400000 0.00055100 0.00140800 0.00176800 1174.50000000 1140.62000000
0.00100000 10.00000000 1.00000000 60.00000000 15.71342600 0.40364200 268221000.00000000 10.00000000 0.63830900 54511.60000000 54430.90000000 0.01221600 0.01913800 0.02076000 157785.00000000 157198.00000000
0.00100000 10.00000000 1.00000000 70.00000000 16.43778700 0.37774700 340957000.00000000 10.00000000 0.61783600 47451.70000000 47463.30000000 0.01140700 0.01846300 0.02025600 150247.00000000 149660.00000000
0.00100000 10.00000000 1.00000000 90.00000000 17.55800400 0.34062900 498355000.00000000 10.00000000 0.59355500 36787.40000000 36794.70000000 0.01004400 0.01692100 0.01908400 133907.00000000 132846.00000000
0.00050000 10.00000000 0.10000000 150.00000000 1.52793300 0.25748400 233875000.00000000 100.00000000 0.48766100 4063.27000000 4911.46000000 0.00183500 0.00376200 0.00457700 27229.10000000 30559.30000000
0.00050000 10.00000000 1.00000000 250.00000000 15.18301300 0.24182000 4244830000.00000000 10.00000000 0.42735600 16291.40000000 19170.60000000 0.00362500 0.00848200 0.01121600 185957.00000000 183524.00000000
0.00050000 10.00000000 1.00000000 200.00000000 17.82558900 0.27906900 3094820000.00000000 10.00000000 0.45748400 28150.70000000 26894.00000000 0.00429300 0.00938500 0.01205400 230103.00000000 211982.00000000
0.00050000 5.00000000 1.00000000 350.00000000 2.53574900 0.09180800 803632000.00000000 5.00000000 0.37960800 980.70000000 1187.18000000 0.00180400 0.00475300 0.00625700 13096.60000000 14281.00000000
0.00050000 5.00000000 1.00000000 400.00000000 3.27284100 0.10869000 942609000.00000000 5.00000000 0.36808700 1172.10000000 1172.77000000 0.00179300 0.00487100 0.00656700 16934.50000000 15729.10000000
0.00050000 5.00000000 1.00000000 400.00000000 3.96916100 0.12996000 924592000.00000000 5.00000000 0.37409400 1646.64000000 1647.15000000 0.00212500 0.00568100 0.00770400 23358.60000000 21645.80000000
