0.000120	10.000000	1.000000	34.000000	0.370519	0.059205	365641000.000000	10.000000	0.915066	3422.250000		3392.800000		0.000366	0.000400	0.000462	5540.600000		5410.040000		1	1
0.000120	10.000000	1.000000	50.000000	16.506687	0.659613	1503500000.000000	10.000000	0.726512	471405.000000	520377.000000	0.004533	0.006239	0.006673	1025590.000000	1127790.000000	1	1
0.000120	10.000000	1.000000	1.500000	33.541146	0.603724	5652360000.000000	10.000000	0.000000	0.000000		0.000000		0.000000	0.000000	0.000000	0.000000		0.000000		2	1
0.000120	10.000000	1.000000	2.650000	14.496340	0.500000	2976340000.000000	10.000000	0.000000	231720.000000	0.000000		0.000000	0.000000	0.000000	979207.000000	0.000000		2	1
0.000120	2.000000	1.000000	125.000000	5.202522	0.447619	253337000.000000	2.000000	0.773534	21569.000000	21454.100000	0.004602	0.005949	0.006742	47925.400000	46051.400000	3	1
0.000120	2.000000	1.000000	2500.000000	8.393045	0.230197	6492470000.000000	2.000000	0.319193	1360.180000		1148.130000		0.001065	0.003335	0.005901	53331.400000	35278.200000	3	1
0.000120	2.000000	1.000000	250.000000	5.211702	0.357378	591362000.000000	2.000000	0.709087	18040.700000	18132.000000	0.004230	0.005966	0.007397	59155.100000	55436.200000	3	1
0.000120	2.000000	1.000000	500.000000	3.620299	0.250911	998932000.000000	2.000000	0.675090	10238.500000	7528.380000		0.002726	0.004038	0.005414	33510.700000	29700.400000	3	1
0.000120	2.000000	1.000000	1246.000000	2.817339	0.231438	932418000.000000	2.000000	0.724379	5674.860000		5675.320000		0.002367	0.003267	0.004100	18155.100000	17032.100000	3	1
0.000120	2.000000	1.000000	124.000000	1.869217	0.406058	57420300.000000		2.000000	0.928070	4199.570000		4462.370000		0.002099	0.002261	0.002344	5271.360000		5565.940000		3	1
0.000120	2.000000	1.000000	248.000000	3.169327	0.429524	140063000.000000	2.000000	0.880289	13327.200000	13328.200000	0.003627	0.004120	0.004406	19808.300000	19670.200000	3	1
0.000120	2.000000	1.000000	623.000000	3.104894	0.287855	492977000.000000	2.000000	0.793103	8556.420000		10752.900000	0.003258	0.004108	0.004770	20065.500000	23051.700000	3	1
0.000120	2.000000	1.000000	12.500000	2.536992	0.430872	61407400.000000		2.000000	0.856099	12302.700000	13786.100000	0.003689	0.004309	0.004559	16832.000000	21060.100000	3	1
0.000120	2.000000	1.000000	250.000000	2.350788	0.127668	2519720000.000000	2.000000	0.191524	140.117000		134.788000		0.000365	0.001904	0.003302	16981.700000	11044.600000	3	1
0.000120	2.000000	1.000000	25.000000	5.637034	0.492074	172103000.000000	2.000000	0.717735	27774.200000	27144.900000	0.005176	0.007212	0.008179	66938.700000	67772.000000	3	1
0.000120	2.000000	1.000000	50.000000	6.133147	0.413562	415474000.000000	2.000000	0.661455	23905.900000	24038.000000	0.004871	0.007364	0.009098	89541.900000	83860.300000	3	1
0.001000	10.000000	1.000000	105.000000	0.136571	0.004026	648268000.000000	10.000000	0.391071	111.177000		110.624000		0.000551	0.001408	0.001768	1174.500000		1140.620000		1	1
0.001000	10.000000	1.000000	120.000000	0.311316	0.009287	790252000.000000	10.000000	0.271312	57.865300		57.127100		0.000396	0.001459	0.001930	1427.500000		1358.340000		1	1
0.001000	10.000000	1.000000	150.000000	2.309902	0.055097	1077320000.000000	10.000000	0.201985	189.288000		188.827000		0.000720	0.003562	0.004807	8912.510000		8427.150000		1	1
0.001000	10.000000	1.000000	200.000000	5.351927	0.102647	1570600000.000000	10.000000	0.222956	644.190000		641.303000		0.001326	0.005947	0.008104	25694.600000	23957.800000	1	1
0.001000	10.000000	1.000000	60.000000	15.713426	0.403642	268221000.000000	10.000000	0.638309	54511.600000	54430.900000	0.012216	0.019138	0.020760	157785.000000	157198.000000	1	1
0.001000	10.000000	1.000000	70.000000	16.437787	0.377747	340957000.000000	10.000000	0.617836	47451.700000	47463.300000	0.011407	0.018463	0.020256	150247.000000	149660.000000	1	1
0.001000	10.000000	1.000000	90.000000	17.558004	0.340629	498355000.000000	10.000000	0.593555	36787.400000	36794.700000	0.010044	0.016921	0.019084	133907.000000	132846.000000	1	1
0.000500	10.000000	0.100000	150.000000	1.527933	0.257484	233875000.000000	100.000000	0.487661	4063.270000		4911.460000		0.001835	0.003762	0.004577	27229.100000	30559.300000	1	1
0.000500	10.000000	1.000000	250.000000	15.183013	0.241820	4244830000.000000	10.000000	0.427356	16291.400000	19170.600000	0.003625	0.008482	0.011216	185957.000000	183524.000000	1	2
0.000500	10.000000	1.000000	350.000000	19.255531	0.244839	6439480000.000000	10.000000	0.335223	9100.310000		9100.310000		0.002497	0.007450	0.010500	181281.000000	160867.000000	1	2
0.000500	10.000000	1.000000	450.000000	25.921891	0.257844	8665550000.000000	10.000000	0.273176	7559.410000		6091.390000		0.002043	0.007480	0.010699	210211.000000	167001.000000	1	2
0.000500	10.000000	1.000000	200.000000	17.825589	0.279069	3094820000.000000	10.000000	0.457484	28150.700000	26894.000000	0.004293	0.009385	0.012054	230103.000000	211982.000000	1	1
0.000500	10.000000	1.000000	400.000000	21.565747	0.257203	7458930000.000000	10.000000	0.332906	10851.700000	10365.500000	0.002665	0.008007	0.011589	231257.000000	195966.000000	1	1
0.000500	5.000000	1.000000	250.000000	0.743184	0.036351	529561000.000000	5.000000	0.319033	161.889000		161.929000		0.000666	0.002088	0.002733	2864.880000		2723.980000		1	2
0.000500	5.000000	1.000000	350.000000	2.535749	0.091808	803632000.000000	5.000000	0.379608	980.700000		1187.180000		0.001804	0.004753	0.006257	13096.600000	14281.000000	1	2
0.000500	5.000000	1.000000	400.000000	3.272841	0.108690	942609000.000000	5.000000	0.368087	1172.100000		1172.770000		0.001793	0.004871	0.006567	16934.500000	15729.100000	1	2
0.000500	5.000000	1.000000	450.000000	3.378063	0.107856	1082550000.000000	5.000000	0.314289	713.185000		713.481000		0.001399	0.004450	0.006158	15128.500000	13833.800000	1	2
0.000500	5.000000	1.000000	250.000000	1.162604	0.055107	516653000.000000	5.000000	0.259432	203.685000		203.673000		0.000747	0.002880	0.003781	5485.070000		5213.140000		1	1
0.000500	5.000000	1.000000	300.000000	1.886557	0.079494	650263000.000000	5.000000	0.300282	495.373000		481.372000		0.001149	0.003826	0.005100	10194.100000	9485.470000		1	1
0.000500	5.000000	1.000000	400.000000	3.969161	0.129960	924592000.000000	5.000000	0.374094	1646.640000		1647.150000		0.002125	0.005681	0.007704	23358.600000	21645.800000	1	1